%YAML:1.0
---
camera_matrix_left: !!opencv-matrix
   rows: 3
   cols: 3
   dt: d
   data: [ 7.1559635314364459e+02, 0., 3.1527397474282463e+02, 0.,
       7.1541831156847002e+02, 2.4173320890637254e+02, 0., 0., 1. ]
camera_matrix_right: !!opencv-matrix
   rows: 3
   cols: 3
   dt: d
   data: [ 7.1559635314364459e+02, 0., 3.1172271489829785e+02, 0.,
       7.1541831156847002e+02, 2.4377134336917288e+02, 0., 0., 1. ]
dist_coefficient_left: !!opencv-matrix
   rows: 1
   cols: 5
   dt: d
   data: [ 8.9117407920234152e-03, 1.4157957112588965e-01, 0., 0.,
       -6.9226660783917349e-01 ]
dist_coefficient_right: !!opencv-matrix
   rows: 1
   cols: 5
   dt: d
   data: [ -1.7060572951959788e-02, 5.0553016591107303e-01, 0., 0.,
       -1.8933379098676868e+00 ]
rotation: !!opencv-matrix
   rows: 3
   cols: 3
   dt: d
   data: [ 9.9952114326916830e-01, 2.9501394106373511e-02,
       -9.3355183934807386e-03, -2.9672432267584727e-02,
       9.9938387269055795e-01, -1.8746246806978655e-02,
       8.7767261105826631e-03, 1.9014277577730668e-02,
       9.9978068911485618e-01 ]
translation: !!opencv-matrix
   rows: 3
   cols: 1
   dt: d
   data: [ 1.4763130686944373e+02, -6.1033878743276819e+00,
       -6.6274952695208329e+00 ]
essential: !!opencv-matrix
   rows: 3
   cols: 3
   dt: d
   data: [ -2.5022166820822050e-01, 6.5073603774850612e+00,
       -6.2262899969651082e+00, -7.9200411945429563e+00,
       -3.0026229978629999e+00, -1.4753705861286795e+02,
       1.7198852723045985e+00, 1.4772040564061746e+02,
       -2.8245112047747289e+00 ]
fundamental: !!opencv-matrix
   rows: 3
   cols: 3
   dt: d
   data: [ 4.2994626105433520e-07, -1.1184129488248134e-05,
       1.0223756690581542e-02, 1.3612088640196292e-05,
       5.1618597607531862e-06, 1.7591467864208377e-01,
       -5.5670005535401260e-03, -1.7945147138469622e-01, 1. ]
rectification_left: !!opencv-matrix
   rows: 3
   cols: 3
   dt: d
   data: [ 9.9849614626506988e-01, -1.2645297548713042e-02,
       -5.3343625145921857e-02, 1.2118409721690492e-02,
       9.9987465465347192e-01, -1.0189167160160460e-02,
       5.3465783821256697e-02, 9.5274042375122613e-03,
       9.9852423031635729e-01 ]
rectification_right: !!opencv-matrix
   rows: 3
   cols: 3
   dt: d
   data: [ 9.9814294615186916e-01, -4.1265322942485909e-02,
       -4.4808840307678198e-02, 4.1705424140970754e-02,
       9.9909003052340539e-01, 8.9313216246490260e-03,
       4.4399511759572269e-02, -1.0783507369753836e-02,
       9.9895565433322320e-01 ]
projection_left: !!opencv-matrix
   rows: 3
   cols: 4
   dt: d
   data: [ 7.1541831156847002e+02, 0., 3.5494309616088867e+02, 0., 0.,
       7.1541831156847002e+02, 2.4336289596557617e+02, 0., 0., 0., 1.,
       0. ]
projection_right: !!opencv-matrix
   rows: 3
   cols: 4
   dt: d
   data: [ 7.1541831156847002e+02, 0., 3.5494309616088867e+02,
       1.0581464378661664e+05, 0., 7.1541831156847002e+02,
       2.4336289596557617e+02, 0., 0., 0., 1., 0. ]
disparity: !!opencv-matrix
   rows: 4
   cols: 4
   dt: d
   data: [ 1., 0., 0., -3.5494309616088867e+02, 0., 1., 0.,
       -2.4336289596557617e+02, 0., 0., 0., 7.1541831156847002e+02, 0.,
       0., -6.7610520242469092e-03, 0. ]
